

>>>> 请为  OSS_ID_0  申请具体的 key >>>>
--------------------------------------
0,1,AddUser接口耗时0-10(ms),0,0,0,1
1,1,AddUser接口耗时10-20(ms),0,0,0,1
2,1,AddUser接口耗时20-40(ms),0,0,0,1
3,1,AddUser接口耗时40-100(ms),0,0,0,1
4,1,AddUser接口耗时100-200(ms),0,0,0,1
5,1,AddUser接口耗时200-500(ms),0,0,0,1
6,1,AddUser接口耗时500-1000(ms),0,0,0,1
7,1,AddUser接口耗时1000-2000(ms),0,0,0,1
8,1,AddUser接口耗时2000-3000(ms),0,0,0,1
9,1,AddUser接口耗时3000-10000(ms),0,0,0,1
10,1,AddUser接口耗时10000-1000000000(ms),0,0,0,1
11,1,AddUser请求,0,0,0,1
12,1,AddUser成功,0,0,0,1
13,1,AddUser系统错误,0,0,0,1
14,1,AddUser业务错误,0,0,0,1
15,1,FreezeUser接口耗时0-10(ms),0,0,0,1
16,1,FreezeUser接口耗时10-20(ms),0,0,0,1
17,1,FreezeUser接口耗时20-40(ms),0,0,0,1
18,1,FreezeUser接口耗时40-100(ms),0,0,0,1
19,1,FreezeUser接口耗时100-200(ms),0,0,0,1
20,1,FreezeUser接口耗时200-500(ms),0,0,0,1
21,1,FreezeUser接口耗时500-1000(ms),0,0,0,1
22,1,FreezeUser接口耗时1000-2000(ms),0,0,0,1
23,1,FreezeUser接口耗时2000-3000(ms),0,0,0,1
24,1,FreezeUser接口耗时3000-10000(ms),0,0,0,1
25,1,FreezeUser接口耗时10000-1000000000(ms),0,0,0,1
26,1,FreezeUser请求,0,0,0,1
27,1,FreezeUser成功,0,0,0,1
28,1,FreezeUser系统错误,0,0,0,1
29,1,FreezeUser业务错误,0,0,0,1
30,1,UnFreezeUser接口耗时0-10(ms),0,0,0,1
31,1,UnFreezeUser接口耗时10-20(ms),0,0,0,1
32,1,UnFreezeUser接口耗时20-40(ms),0,0,0,1
33,1,UnFreezeUser接口耗时40-100(ms),0,0,0,1
34,1,UnFreezeUser接口耗时100-200(ms),0,0,0,1
35,1,UnFreezeUser接口耗时200-500(ms),0,0,0,1
36,1,UnFreezeUser接口耗时500-1000(ms),0,0,0,1
37,1,UnFreezeUser接口耗时1000-2000(ms),0,0,0,1
38,1,UnFreezeUser接口耗时2000-3000(ms),0,0,0,1
39,1,UnFreezeUser接口耗时3000-10000(ms),0,0,0,1
40,1,UnFreezeUser接口耗时10000-1000000000(ms),0,0,0,1
41,1,UnFreezeUser请求,0,0,0,1
42,1,UnFreezeUser成功,0,0,0,1
43,1,UnFreezeUser系统错误,0,0,0,1
44,1,UnFreezeUser业务错误,0,0,0,1
45,1,IsFrozen接口耗时0-10(ms),0,0,0,1
46,1,IsFrozen接口耗时10-20(ms),0,0,0,1
47,1,IsFrozen接口耗时20-40(ms),0,0,0,1
48,1,IsFrozen接口耗时40-100(ms),0,0,0,1
49,1,IsFrozen接口耗时100-200(ms),0,0,0,1
50,1,IsFrozen接口耗时200-500(ms),0,0,0,1
51,1,IsFrozen接口耗时500-1000(ms),0,0,0,1
52,1,IsFrozen接口耗时1000-2000(ms),0,0,0,1
53,1,IsFrozen接口耗时2000-3000(ms),0,0,0,1
54,1,IsFrozen接口耗时3000-10000(ms),0,0,0,1
55,1,IsFrozen接口耗时10000-1000000000(ms),0,0,0,1
56,1,IsFrozen请求,0,0,0,1
57,1,IsFrozen成功,0,0,0,1
58,1,IsFrozen系统错误,0,0,0,1
59,1,IsFrozen业务错误,0,0,0,1
60,1,GetUser接口耗时0-10(ms),0,0,0,1
61,1,GetUser接口耗时10-20(ms),0,0,0,1
62,1,GetUser接口耗时20-40(ms),0,0,0,1
63,1,GetUser接口耗时40-100(ms),0,0,0,1
64,1,GetUser接口耗时100-200(ms),0,0,0,1
65,1,GetUser接口耗时200-500(ms),0,0,0,1
66,1,GetUser接口耗时500-1000(ms),0,0,0,1
67,1,GetUser接口耗时1000-2000(ms),0,0,0,1
68,1,GetUser接口耗时2000-3000(ms),0,0,0,1
69,1,GetUser接口耗时3000-10000(ms),0,0,0,1
70,1,GetUser接口耗时10000-1000000000(ms),0,0,0,1
71,1,GetUser请求,0,0,0,1
72,1,GetUser成功,0,0,0,1
73,1,GetUser系统错误,0,0,0,1
74,1,GetUser业务错误,0,0,0,1
--------------------------------------    


 
